95 41 47
20 14 57
64 65 76
35 39 87
55 83 87
80 58 92
52 51 97
18 85 123
88 46 133
93 72 146
2 132 163
33 193 196
17 179 198
9 172 199
98 161 217
34 134 228
27 205 250
49 170 252
89 244 253
40 172 258
26 241 274
83 262 279
51 230 282
31 212 286
8 256 290
76 292 293
7 224 323
19 301 337
86 327 346
22 332 354
25 320 364
45 288 384
78 350 397
23 366 406
60 421 421
82 353 426
47 370 437
24 408 446
61 427 449
97 393 455
70 397 471
57 422 472
43 462 472
15 390 476
6 401 489
53 426 489
42 471 492
74 411 502
44 457 541
38 460 542
5 490 547
11 513 574
84 530 583
3 506 588
48 596 611
92 571 619
73 579 622
41 564 629
81 594 629
63 641 642
96 609 645
90 579 649
67 579 654
91 642 665
79 650 665
99 631 675
4 651 675
39 614 682
14 635 687
46 649 701
77 606 703
87 708 709
56 679 727
29 722 748
30 687 751
1 659 752
21 746 761
28 738 773
59 712 790
66 724 790
72 722 797
12 752 805
75 774 806
54 780 820
50 762 823
71 753 829
16 834 835
85 766 846
58 769 853
13 778 855
94 848 870
32 866 910
65 884 911
0 851 933
37 915 937
62 853 950
68 964 969
10 935 985
36 990 1027
69 990 1086
