679 4 10
950 8 10
453 12 13
7 13 16
449 11 17
249 12 18
273 23 26
255 26 30
462 16 33
670 12 37
883 14 37
441 3 39
748 16 39
524 39 39
643 31 45
553 14 48
281 19 48
256 24 52
232 34 54
788 47 54
749 54 54
902 17 59
9 39 62
825 23 65
416 50 65
311 53 66
879 34 70
963 67 70
353 52 75
605 49 79
471 54 79
948 78 79
862 59 80
689 79 82
612 3 84
919 62 86
866 70 86
430 47 88
889 53 90
701 18 91
629 78 93
535 28 94
134 85 94
154 66 96
649 31 98
291 87 98
393 22 99
495 90 100
812 48 102
71 16 103
343 53 103
226 41 104
565 52 104
720 78 105
623 94 105
356 47 107
280 78 107
696 33 109
704 107 109
319 96 110
142 106 110
455 56 111
338 77 111
845 50 113
710 46 117
606 22 118
316 35 119
520 106 121
151 45 123
773 78 125
244 57 127
233 77 127
48 96 127
265 127 127
456 69 128
292 114 128
855 48 129
745 55 129
516 43 131
730 133 134
678 57 135
375 129 135
487 130 135
357 110 136
310 42 138
47 64 139
50 93 139
669 79 140
361 140 140
491 71 141
388 123 143
254 73 144
77 63 145
638 118 145
766 87 146
821 104 149
348 112 149
39 139 149
541 61 150
429 138 150
624 130 154
380 60 155
236 117 156
55 140 158
327 87 160
5 74 162
355 79 162
969 107 162
769 126 166
257 129 168
973 128 171
93 74 173
475 165 173
671 117 174
297 145 174
622 116 175
925 170 175
155 171 175
526 111 176
498 127 176
946 89 178
803 112 179
470 156 180
959 161 180
878 112 181
121 141 182
41 142 184
740 107 185
642 141 185
527 127 186
781 165 186
726 187 187
800 91 188
86 140 188
182 162 188
966 187 189
757 163 190
741 97 191
315 124 191
957 132 191
674 142 191
178 100 194
978 112 194
501 132 194
485 190 194
824 106 195
51 123 195
6 107 197
185 169 197
0 175 197
363 144 199
248 148 200
384 110 201
609 129 201
197 134 201
502 139 201
42 156 202
307 161 202
984 170 202
140 185 204
708 147 206
103 185 206
271 123 207
219 130 207
651 139 207
842 168 207
561 141 210
306 127 212
72 184 212
813 115 213
81 161 213
986 173 213
988 120 215
64 178 215
34 205 215
385 208 215
378 214 217
283 214 217
88 176 218
536 148 220
428 200 220
29 215 220
874 123 221
753 147 222
698 156 222
830 161 223
23 175 223
161 159 227
295 211 227
423 130 229
920 194 229
459 224 230
542 142 231
321 164 231
366 204 232
222 159 233
200 188 233
675 179 234
420 223 234
461 137 235
175 153 236
912 159 236
59 221 236
247 175 237
323 209 239
482 151 241
718 166 241
172 170 241
170 166 242
725 204 243
331 199 244
913 205 247
636 240 247
468 241 247
114 190 249
655 194 249
543 248 249
712 199 250
433 162 253
259 181 253
214 196 254
802 220 255
341 229 256
681 183 258
998 165 260
33 167 260
511 217 261
74 225 263
904 228 264
486 169 265
936 190 265
203 176 266
780 233 266
60 197 267
822 260 267
61 179 268
628 220 268
835 227 268
598 209 270
597 226 270
30 230 270
376 204 273
294 185 274
611 203 274
869 180 277
834 263 277
615 212 278
128 250 279
961 218 281
989 237 282
63 216 285
479 257 287
684 249 288
79 251 288
276 203 292
647 205 292
364 235 292
582 201 293
650 276 293
274 288 293
365 289 293
747 289 294
342 227 295
334 217 297
972 220 299
328 270 300
454 205 302
165 231 303
620 286 305
640 303 305
75 232 306
768 278 306
225 285 306
152 294 307
791 253 310
208 275 312
442 301 312
921 288 314
109 243 315
326 295 315
926 261 317
653 224 318
160 303 320
399 315 320
275 227 321
49 320 321
956 243 322
235 279 322
546 228 323
700 257 323
124 244 324
43 233 325
402 310 325
166 297 326
125 318 328
240 331 331
872 272 332
905 321 332
20 264 333
746 274 333
133 292 335
985 293 338
135 315 338
709 278 339
180 306 339
298 329 340
421 324 345
112 334 346
778 319 347
218 263 348
427 308 348
539 276 354
713 299 354
634 334 354
738 264 355
467 342 356
282 258 357
360 301 359
578 284 363
900 304 366
202 332 366
287 327 370
196 353 370
509 316 371
68 362 373
19 343 375
101 366 375
36 279 376
268 293 377
555 312 377
585 300 378
891 344 378
424 311 379
489 316 379
346 347 379
95 289 381
580 301 382
914 335 382
383 366 382
44 382 382
737 305 384
630 343 385
856 295 386
841 291 387
923 346 387
345 381 389
474 317 390
89 341 394
575 364 394
447 328 396
814 299 397
820 378 399
832 396 399
31 302 401
934 347 402
892 383 402
392 311 403
933 392 403
897 391 406
201 386 407
657 321 408
318 323 408
995 347 410
616 370 411
817 395 411
916 410 412
100 369 413
610 328 414
927 395 415
851 366 418
521 344 419
532 330 420
494 405 420
523 332 421
867 393 421
324 379 425
215 390 426
435 361 435
102 392 435
452 409 437
78 359 439
785 362 439
534 360 440
445 365 443
480 405 443
792 410 444
601 377 445
858 382 445
721 402 445
819 436 446
584 437 447
448 406 448
231 411 448
719 422 448
522 387 450
122 397 452
431 356 453
644 444 453
69 408 454
727 370 456
205 428 459
300 406 461
369 373 464
576 407 464
263 443 464
687 370 467
301 408 469
15 373 470
789 406 472
776 410 472
607 438 472
641 410 475
568 430 475
312 378 476
593 381 476
702 389 477
437 395 477
284 383 478
266 450 479
754 410 480
795 434 481
351 387 482
548 437 483
968 444 483
887 386 485
477 406 489
239 415 492
562 466 492
857 477 492
556 419 493
368 441 493
783 472 494
478 471 495
758 401 496
173 427 496
299 433 497
559 463 499
600 471 499
269 481 499
979 455 500
873 447 501
661 484 501
917 423 502
245 464 502
540 478 502
932 414 503
411 443 503
13 480 504
806 467 505
143 450 506
17 491 506
991 445 507
560 488 507
619 418 508
592 411 509
967 492 509
545 504 509
823 426 510
943 461 511
682 483 511
848 462 513
975 514 514
639 467 515
994 495 516
419 498 516
117 421 517
279 450 517
492 488 517
836 435 518
665 493 518
192 446 519
476 467 521
577 451 524
332 445 525
935 435 528
537 441 528
688 461 528
497 472 528
621 521 529
648 480 535
662 494 535
11 466 537
229 515 537
194 520 540
406 446 541
53 463 541
564 473 543
339 487 543
22 459 544
763 499 544
347 453 545
10 504 546
826 537 546
875 539 546
652 476 548
510 491 549
906 532 549
250 459 550
277 475 551
333 484 552
377 506 553
755 485 554
359 476 555
544 521 555
960 474 558
352 546 558
691 558 558
930 499 559
976 526 559
130 541 559
566 493 561
519 467 562
14 469 563
970 474 563
861 548 563
907 497 565
693 530 565
736 536 565
227 536 566
426 486 567
868 522 567
330 558 567
796 517 568
772 545 569
844 502 571
717 552 571
4 521 572
896 514 574
32 482 575
711 544 575
12 483 576
145 501 576
58 481 578
206 529 578
574 542 578
767 481 580
807 551 580
320 488 582
500 493 583
733 534 583
108 497 585
216 556 585
786 562 585
734 532 588
893 495 590
512 548 590
302 504 591
401 512 591
116 503 594
996 560 594
217 509 597
278 526 597
627 533 598
742 579 598
632 583 600
400 532 607
761 568 610
387 550 613
422 559 613
234 606 613
466 553 614
169 553 614
964 581 614
685 554 615
270 608 615
843 533 616
91 527 619
18 559 619
672 581 619
728 551 620
412 602 620
141 571 621
849 596 621
97 596 621
828 615 626
198 543 627
890 583 627
775 541 628
613 615 628
908 536 629
793 548 629
82 572 629
723 586 629
816 596 629
382 623 629
756 548 630
563 627 630
293 539 631
224 611 632
472 536 633
188 558 633
115 573 633
760 616 633
787 628 635
344 598 636
490 603 636
417 624 636
389 561 637
569 622 639
407 630 639
24 576 642
156 549 643
261 562 643
551 616 643
3 569 644
408 640 644
243 555 645
147 571 645
659 601 646
694 613 648
286 555 652
253 556 652
962 573 652
759 610 652
94 575 653
473 596 655
581 561 656
451 580 657
801 606 659
774 619 659
870 633 661
204 661 661
285 622 665
583 635 666
567 579 667
317 629 668
518 650 668
309 585 670
894 640 670
174 628 671
336 574 673
931 613 674
570 588 675
690 668 678
337 673 678
8 588 679
663 605 679
714 669 680
199 676 682
614 643 685
129 593 686
762 629 686
395 679 686
865 598 687
732 631 687
901 656 687
464 659 688
895 683 688
529 686 688
637 633 689
846 683 689
633 650 693
880 664 696
550 627 698
190 670 699
410 685 702
163 642 703
107 662 706
436 623 708
692 626 709
770 698 709
303 704 709
881 677 711
45 649 713
831 656 713
840 706 713
213 682 714
603 630 715
104 637 715
483 624 716
958 623 717
952 677 718
440 698 718
707 628 719
394 695 723
499 648 724
695 693 724
944 696 724
784 627 725
508 649 725
181 671 726
504 693 728
144 634 729
797 668 729
66 683 729
92 688 731
73 716 733
764 681 734
686 664 735
779 684 736
929 715 736
439 733 736
54 684 738
325 667 740
211 677 740
666 657 742
571 682 742
207 714 742
105 674 743
458 723 743
358 681 744
631 682 747
809 662 748
159 716 748
587 738 748
572 661 749
242 663 749
148 685 749
131 705 749
590 748 750
187 748 751
288 701 752
503 719 752
838 690 755
596 690 755
267 728 761
157 754 761
743 680 762
646 752 763
329 733 764
864 724 767
951 670 769
945 723 770
818 768 775
507 719 776
176 712 777
210 757 777
886 775 777
752 711 778
667 745 778
810 684 780
827 696 781
398 743 784
579 776 785
594 777 786
340 732 787
289 746 787
940 780 787
876 750 789
782 692 790
99 711 790
496 753 790
237 762 790
46 740 791
228 774 792
304 790 792
533 761 793
27 703 794
790 747 795
110 766 798
260 754 800
212 789 800
656 745 801
56 721 804
987 714 808
983 724 810
434 799 811
538 787 812
947 809 812
469 716 814
729 741 814
884 768 814
184 810 814
405 761 815
70 766 815
699 812 817
982 742 821
965 780 821
397 723 822
618 760 825
668 757 826
525 796 827
860 832 832
362 790 835
132 809 835
735 775 837
922 753 838
528 759 839
715 760 839
811 786 839
404 835 839
484 748 840
909 763 840
850 765 840
924 778 840
463 818 840
990 836 840
272 836 840
113 748 841
898 783 841
220 785 843
505 748 844
794 762 846
676 832 847
370 844 848
38 782 850
589 838 850
847 773 852
372 816 853
390 767 857
106 803 857
391 834 857
162 776 859
854 823 859
903 830 861
750 780 862
457 791 862
744 841 862
993 814 863
2 846 863
852 858 863
83 830 864
971 847 864
777 829 868
617 835 868
76 808 871
488 794 872
530 832 874
251 849 877
751 862 878
938 861 879
120 837 880
705 805 881
595 804 883
877 822 883
123 837 883
837 839 886
111 816 887
149 817 887
335 882 887
432 808 888
57 812 889
119 817 889
506 869 889
949 814 891
80 817 891
625 883 893
35 825 894
660 813 895
514 843 895
418 830 897
444 831 897
604 830 898
992 837 898
374 852 898
258 815 899
308 899 900
626 862 901
313 843 902
96 852 902
591 895 902
918 896 902
191 821 903
942 816 908
716 830 908
1 816 910
262 873 910
765 897 910
16 869 911
186 880 914
731 852 915
680 818 916
62 821 916
193 871 917
371 874 917
558 915 917
137 916 918
28 835 919
146 913 919
703 871 921
209 874 921
955 882 921
381 906 922
911 834 923
238 914 923
885 872 925
450 854 926
513 852 927
999 840 928
403 843 928
602 862 929
386 895 929
554 887 930
37 841 932
446 859 933
290 908 933
425 886 934
230 929 934
953 846 936
915 845 937
314 909 937
515 903 939
177 852 940
118 934 941
654 852 943
252 882 946
167 903 946
415 903 947
888 914 947
40 934 948
296 919 949
573 921 949
87 925 949
829 935 949
367 900 950
26 908 950
677 873 951
658 900 952
853 952 952
183 898 954
413 859 956
724 893 957
90 932 957
139 949 957
799 883 960
804 942 961
189 924 962
136 953 962
350 869 964
493 905 964
531 939 966
373 870 967
997 971 973
910 875 974
599 875 974
697 906 974
805 933 974
706 913 977
586 897 979
739 922 979
460 938 980
588 970 981
664 897 985
928 934 986
549 891 988
833 926 990
547 933 991
153 981 991
465 980 993
349 912 994
65 923 994
305 898 996
179 949 996
264 989 996
25 923 1003
379 954 1003
552 995 1004
322 979 1005
481 995 1005
635 934 1006
52 943 1007
164 947 1007
771 909 1008
396 923 1008
871 930 1010
974 925 1014
977 963 1014
608 995 1014
557 954 1015
645 929 1016
815 927 1017
138 964 1017
882 949 1019
863 947 1020
409 986 1021
241 950 1022
195 945 1023
722 943 1025
168 942 1026
221 960 1027
939 937 1028
443 976 1029
171 965 1032
839 984 1032
517 999 1033
859 950 1034
414 960 1035
98 959 1037
941 997 1038
354 998 1038
899 990 1041
798 950 1042
954 959 1042
981 987 1042
21 972 1043
246 975 1050
126 965 1051
683 960 1052
158 998 1054
980 968 1055
150 973 1058
84 968 1059
937 971 1066
85 980 1066
438 992 1069
808 972 1071
67 996 1074
673 996 1078
127 981 1080
223 995 1081
