100
0 275 321
1 153 220
2 98 128
3 266 283
4 293 380
5 450 512
6 142 191
7 608 630
8 776 778
9 799 850
10 37 87
11 852 879
12 701 707
13 143 190
14 388 472
15 147 162
16 182 182
17 635 715
18 482 483
19 149 225
20 989 1041
21 938 1021
22 1 99
23 658 735
24 800 809
25 481 571
26 311 344
27 917 929
28 539 599
29 212 291
30 444 503
31 647 725
32 11 45
33 258 352
34 535 595
35 622 698
36 712 772
37 712 777
38 458 480
39 195 206
40 531 607
41 801 843
42 9 27
43 207 207
44 778 797
45 532 606
46 130 161
47 552 645
48 165 227
49 339 339
50 274 335
51 929 1015
52 521 562
53 404 436
54 363 462
55 943 989
56 275 371
57 440 476
58 814 861
59 536 580
60 418 438
61 870 870
62 951 1025
63 746 762
64 288 373
65 169 232
66 47 97
67 901 921
68 443 448
69 604 662
70 904 1003
71 404 435
72 995 1091
73 167 228
74 196 252
75 105 171
76 476 551
77 219 299
78 101 166
79 248 338
80 50 119
81 953 1002
82 219 273
83 722 784
84 512 590
85 172 188
86 930 958
87 948 973
88 125 192
89 87 108
90 523 567
91 639 691
92 872 930
93 132 205
94 823 855
95 363 389
96 502 570
97 27 100
98 523 524
99 88 123
