1000
0 175 197
1 816 910
2 846 863
3 569 644
4 521 572
5 74 162
6 107 197
7 13 16
8 588 679
9 39 62
10 504 546
11 466 537
12 483 576
13 480 504
14 469 563
15 373 470
16 869 911
17 491 506
18 559 619
19 343 375
20 264 333
21 972 1043
22 459 544
23 175 223
24 576 642
25 923 1003
26 908 950
27 703 794
28 835 919
29 215 220
30 230 270
31 302 401
32 482 575
33 167 260
34 205 215
35 825 894
36 279 376
37 841 932
38 782 850
39 139 149
40 934 948
41 142 184
42 156 202
43 233 325
44 382 382
45 649 713
46 740 791
47 64 139
48 96 127
49 320 321
50 93 139
51 123 195
52 943 1007
53 463 541
54 684 738
55 140 158
56 721 804
57 812 889
58 481 578
59 221 236
60 197 267
61 179 268
62 821 916
63 216 285
64 178 215
65 923 994
66 683 729
67 996 1074
68 362 373
69 408 454
70 766 815
71 16 103
72 184 212
73 716 733
74 225 263
75 232 306
76 808 871
77 63 145
78 359 439
79 251 288
80 817 891
81 161 213
82 572 629
83 830 864
84 968 1059
85 980 1066
86 140 188
87 925 949
88 176 218
89 341 394
90 932 957
91 527 619
92 688 731
93 74 173
94 575 653
95 289 381
96 852 902
97 596 621
98 959 1037
99 711 790
100 369 413
101 366 375
102 392 435
103 185 206
104 637 715
105 674 743
106 803 857
107 662 706
108 497 585
109 243 315
110 766 798
111 816 887
112 334 346
113 748 841
114 190 249
115 573 633
116 503 594
117 421 517
118 934 941
119 817 889
120 837 880
121 141 182
122 397 452
123 837 883
124 244 324
125 318 328
126 965 1051
127 981 1080
128 250 279
129 593 686
130 541 559
131 705 749
132 809 835
133 292 335
134 85 94
135 315 338
136 953 962
137 916 918
138 964 1017
139 949 957
140 185 204
141 571 621
142 106 110
143 450 506
144 634 729
145 501 576
146 913 919
147 571 645
148 685 749
149 817 887
150 973 1058
151 45 123
152 294 307
153 981 991
154 66 96
155 171 175
156 549 643
157 754 761
158 998 1054
159 716 748
160 303 320
161 159 227
162 776 859
163 642 703
164 947 1007
165 231 303
166 297 326
167 903 946
168 942 1026
169 553 614
170 166 242
171 965 1032
172 170 241
173 427 496
174 628 671
175 153 236
176 712 777
177 852 940
178 100 194
179 949 996
180 306 339
181 671 726
182 162 188
183 898 954
184 810 814
185 169 197
186 880 914
187 748 751
188 558 633
189 924 962
190 670 699
191 821 903
192 446 519
193 871 917
194 520 540
195 945 1023
196 353 370
197 134 201
198 543 627
199 676 682
200 188 233
201 386 407
202 332 366
203 176 266
204 661 661
205 428 459
206 529 578
207 714 742
208 275 312
209 874 921
210 757 777
211 677 740
212 789 800
213 682 714
214 196 254
215 390 426
216 556 585
217 509 597
218 263 348
219 130 207
220 785 843
221 960 1027
222 159 233
223 995 1081
224 611 632
225 285 306
226 41 104
227 536 566
228 774 792
229 515 537
230 929 934
231 411 448
232 34 54
233 77 127
234 606 613
235 279 322
236 117 156
237 762 790
238 914 923
239 415 492
240 331 331
241 950 1022
242 663 749
243 555 645
244 57 127
245 464 502
246 975 1050
247 175 237
248 148 200
249 12 18
250 459 550
251 849 877
252 882 946
253 556 652
254 73 144
255 26 30
256 24 52
257 129 168
258 815 899
259 181 253
260 754 800
261 562 643
262 873 910
263 443 464
264 989 996
265 127 127
266 450 479
267 728 761
268 293 377
269 481 499
270 608 615
271 123 207
272 836 840
273 23 26
274 288 293
275 227 321
276 203 292
277 475 551
278 526 597
279 450 517
280 78 107
281 19 48
282 258 357
283 214 217
284 383 478
285 622 665
286 555 652
287 327 370
288 701 752
289 746 787
290 908 933
291 87 98
292 114 128
293 539 631
294 185 274
295 211 227
296 919 949
297 145 174
298 329 340
299 433 497
300 406 461
301 408 469
302 504 591
303 704 709
304 790 792
305 898 996
306 127 212
307 161 202
308 899 900
309 585 670
310 42 138
311 53 66
312 378 476
313 843 902
314 909 937
315 124 191
316 35 119
317 629 668
318 323 408
319 96 110
320 488 582
321 164 231
322 979 1005
323 209 239
324 379 425
325 667 740
326 295 315
327 87 160
328 270 300
329 733 764
330 558 567
331 199 244
332 445 525
333 484 552
334 217 297
335 882 887
336 574 673
337 673 678
338 77 111
339 487 543
340 732 787
341 229 256
342 227 295
343 53 103
344 598 636
345 381 389
346 347 379
347 453 545
348 112 149
349 912 994
350 869 964
351 387 482
352 546 558
353 52 75
354 998 1038
355 79 162
356 47 107
357 110 136
358 681 744
359 476 555
360 301 359
361 140 140
362 790 835
363 144 199
364 235 292
365 289 293
366 204 232
367 900 950
368 441 493
369 373 464
370 844 848
371 874 917
372 816 853
373 870 967
374 852 898
375 129 135
376 204 273
377 506 553
378 214 217
379 954 1003
380 60 155
381 906 922
382 623 629
383 366 382
384 110 201
385 208 215
386 895 929
387 550 613
388 123 143
389 561 637
390 767 857
391 834 857
392 311 403
393 22 99
394 695 723
395 679 686
396 923 1008
397 723 822
398 743 784
399 315 320
400 532 607
401 512 591
402 310 325
403 843 928
404 835 839
405 761 815
406 446 541
407 630 639
408 640 644
409 986 1021
410 685 702
411 443 503
412 602 620
413 859 956
414 960 1035
415 903 947
416 50 65
417 624 636
418 830 897
419 498 516
420 223 234
421 324 345
422 559 613
423 130 229
424 311 379
425 886 934
426 486 567
427 308 348
428 200 220
429 138 150
430 47 88
431 356 453
432 808 888
433 162 253
434 799 811
435 361 435
436 623 708
437 395 477
438 992 1069
439 733 736
440 698 718
441 3 39
442 301 312
443 976 1029
444 831 897
445 365 443
446 859 933
447 328 396
448 406 448
449 11 17
450 854 926
451 580 657
452 409 437
453 12 13
454 205 302
455 56 111
456 69 128
457 791 862
458 723 743
459 224 230
460 938 980
461 137 235
462 16 33
463 818 840
464 659 688
465 980 993
466 553 614
467 342 356
468 241 247
469 716 814
470 156 180
471 54 79
472 536 633
473 596 655
474 317 390
475 165 173
476 467 521
477 406 489
478 471 495
479 257 287
480 405 443
481 995 1005
482 151 241
483 624 716
484 748 840
485 190 194
486 169 265
487 130 135
488 794 872
489 316 379
490 603 636
491 71 141
492 488 517
493 905 964
494 405 420
495 90 100
496 753 790
497 472 528
498 127 176
499 648 724
500 493 583
501 132 194
502 139 201
503 719 752
504 693 728
505 748 844
506 869 889
507 719 776
508 649 725
509 316 371
510 491 549
511 217 261
512 548 590
513 852 927
514 843 895
515 903 939
516 43 131
517 999 1033
518 650 668
519 467 562
520 106 121
521 344 419
522 387 450
523 332 421
524 39 39
525 796 827
526 111 176
527 127 186
528 759 839
529 686 688
530 832 874
531 939 966
532 330 420
533 761 793
534 360 440
535 28 94
536 148 220
537 441 528
538 787 812
539 276 354
540 478 502
541 61 150
542 142 231
543 248 249
544 521 555
545 504 509
546 228 323
547 933 991
548 437 483
549 891 988
550 627 698
551 616 643
552 995 1004
553 14 48
554 887 930
555 312 377
556 419 493
557 954 1015
558 915 917
559 463 499
560 488 507
561 141 210
562 466 492
563 627 630
564 473 543
565 52 104
566 493 561
567 579 667
568 430 475
569 622 639
570 588 675
571 682 742
572 661 749
573 921 949
574 542 578
575 364 394
576 407 464
577 451 524
578 284 363
579 776 785
580 301 382
581 561 656
582 201 293
583 635 666
584 437 447
585 300 378
586 897 979
587 738 748
588 970 981
589 838 850
590 748 750
591 895 902
592 411 509
593 381 476
594 777 786
595 804 883
596 690 755
597 226 270
598 209 270
599 875 974
600 471 499
601 377 445
602 862 929
603 630 715
604 830 898
605 49 79
606 22 118
607 438 472
608 995 1014
609 129 201
610 328 414
611 203 274
612 3 84
613 615 628
614 643 685
615 212 278
616 370 411
617 835 868
618 760 825
619 418 508
620 286 305
621 521 529
622 116 175
623 94 105
624 130 154
625 883 893
626 862 901
627 533 598
628 220 268
629 78 93
630 343 385
631 682 747
632 583 600
633 650 693
634 334 354
635 934 1006
636 240 247
637 633 689
638 118 145
639 467 515
640 303 305
641 410 475
642 141 185
643 31 45
644 444 453
645 929 1016
646 752 763
647 205 292
648 480 535
649 31 98
650 276 293
651 139 207
652 476 548
653 224 318
654 852 943
655 194 249
656 745 801
657 321 408
658 900 952
659 601 646
660 813 895
661 484 501
662 494 535
663 605 679
664 897 985
665 493 518
666 657 742
667 745 778
668 757 826
669 79 140
670 12 37
671 117 174
672 581 619
673 996 1078
674 142 191
675 179 234
676 832 847
677 873 951
678 57 135
679 4 10
680 818 916
681 183 258
682 483 511
683 960 1052
684 249 288
685 554 615
686 664 735
687 370 467
688 461 528
689 79 82
690 668 678
691 558 558
692 626 709
693 530 565
694 613 648
695 693 724
696 33 109
697 906 974
698 156 222
699 812 817
700 257 323
701 18 91
702 389 477
703 871 921
704 107 109
705 805 881
706 913 977
707 628 719
708 147 206
709 278 339
710 46 117
711 544 575
712 199 250
713 299 354
714 669 680
715 760 839
716 830 908
717 552 571
718 166 241
719 422 448
720 78 105
721 402 445
722 943 1025
723 586 629
724 893 957
725 204 243
726 187 187
727 370 456
728 551 620
729 741 814
730 133 134
731 852 915
732 631 687
733 534 583
734 532 588
735 775 837
736 536 565
737 305 384
738 264 355
739 922 979
740 107 185
741 97 191
742 579 598
743 680 762
744 841 862
745 55 129
746 274 333
747 289 294
748 16 39
749 54 54
750 780 862
751 862 878
752 711 778
753 147 222
754 410 480
755 485 554
756 548 630
757 163 190
758 401 496
759 610 652
760 616 633
761 568 610
762 629 686
763 499 544
764 681 734
765 897 910
766 87 146
767 481 580
768 278 306
769 126 166
770 698 709
771 909 1008
772 545 569
773 78 125
774 619 659
775 541 628
776 410 472
777 829 868
778 319 347
779 684 736
780 233 266
781 165 186
782 692 790
783 472 494
784 627 725
785 362 439
786 562 585
787 628 635
788 47 54
789 406 472
790 747 795
791 253 310
792 410 444
793 548 629
794 762 846
795 434 481
796 517 568
797 668 729
798 950 1042
799 883 960
800 91 188
801 606 659
802 220 255
803 112 179
804 942 961
805 933 974
806 467 505
807 551 580
808 972 1071
809 662 748
810 684 780
811 786 839
812 48 102
813 115 213
814 299 397
815 927 1017
816 596 629
817 395 411
818 768 775
819 436 446
820 378 399
821 104 149
822 260 267
823 426 510
824 106 195
825 23 65
826 537 546
827 696 781
828 615 626
829 935 949
830 161 223
831 656 713
832 396 399
833 926 990
834 263 277
835 227 268
836 435 518
837 839 886
838 690 755
839 984 1032
840 706 713
841 291 387
842 168 207
843 533 616
844 502 571
845 50 113
846 683 689
847 773 852
848 462 513
849 596 621
850 765 840
851 366 418
852 858 863
853 952 952
854 823 859
855 48 129
856 295 386
857 477 492
858 382 445
859 950 1034
860 832 832
861 548 563
862 59 80
863 947 1020
864 724 767
865 598 687
866 70 86
867 393 421
868 522 567
869 180 277
870 633 661
871 930 1010
872 272 332
873 447 501
874 123 221
875 539 546
876 750 789
877 822 883
878 112 181
879 34 70
880 664 696
881 677 711
882 949 1019
883 14 37
884 768 814
885 872 925
886 775 777
887 386 485
888 914 947
889 53 90
890 583 627
891 344 378
892 383 402
893 495 590
894 640 670
895 683 688
896 514 574
897 391 406
898 783 841
899 990 1041
900 304 366
901 656 687
902 17 59
903 830 861
904 228 264
905 321 332
906 532 549
907 497 565
908 536 629
909 763 840
910 875 974
911 834 923
912 159 236
913 205 247
914 335 382
915 845 937
916 410 412
917 423 502
918 896 902
919 62 86
920 194 229
921 288 314
922 753 838
923 346 387
924 778 840
925 170 175
926 261 317
927 395 415
928 934 986
929 715 736
930 499 559
931 613 674
932 414 503
933 392 403
934 347 402
935 435 528
936 190 265
937 971 1066
938 861 879
939 937 1028
940 780 787
941 997 1038
942 816 908
943 461 511
944 696 724
945 723 770
946 89 178
947 809 812
948 78 79
949 814 891
950 8 10
951 670 769
952 677 718
953 846 936
954 959 1042
955 882 921
956 243 322
957 132 191
958 623 717
959 161 180
960 474 558
961 218 281
962 573 652
963 67 70
964 581 614
965 780 821
966 187 189
967 492 509
968 444 483
969 107 162
970 474 563
971 847 864
972 220 299
973 128 171
974 925 1014
975 514 514
976 526 559
977 963 1014
978 112 194
979 455 500
980 968 1055
981 987 1042
982 742 821
983 724 810
984 170 202
985 293 338
986 173 213
987 714 808
988 120 215
989 237 282
990 836 840
991 445 507
992 837 898
993 814 863
994 495 516
995 347 410
996 560 594
997 971 973
998 165 260
999 840 928
