100
0 851 933
1 659 752
2 132 163
3 506 588
4 651 675
5 490 547
6 401 489
7 224 323
8 256 290
9 172 199
10 935 985
11 513 574
12 752 805
13 778 855
14 635 687
15 390 476
16 834 835
17 179 198
18 85 123
19 301 337
20 14 57
21 746 761
22 332 354
23 366 406
24 408 446
25 320 364
26 241 274
27 205 250
28 738 773
29 722 748
30 687 751
31 212 286
32 866 910
33 193 196
34 134 228
35 39 87
36 990 1027
37 915 937
38 460 542
39 614 682
40 172 258
41 564 629
42 471 492
43 462 472
44 457 541
45 288 384
46 649 701
47 370 437
48 596 611
49 170 252
50 762 823
51 230 282
52 51 97
53 426 489
54 780 820
55 83 87
56 679 727
57 422 472
58 769 853
59 712 790
60 421 421
61 427 449
62 853 950
63 641 642
64 65 76
65 884 911
66 724 790
67 579 654
68 964 969
69 990 1086
70 397 471
71 753 829
72 722 797
73 579 622
74 411 502
75 774 806
76 292 293
77 606 703
78 350 397
79 650 665
80 58 92
81 594 629
82 353 426
83 262 279
84 530 583
85 766 846
86 327 346
87 708 709
88 46 133
89 244 253
90 579 649
91 642 665
92 571 619
93 72 146
94 848 870
95 41 47
96 609 645
97 393 455
98 161 217
99 631 675
